-6.64385618977
-5.64385618977
-4.64385618977
-3.47393118833
-2.64385618977
-1.51457317283
-0.473931188332
0.659924558402
1.75702324651
2.76128527336
3.80632405739
5.24640808725
5.89287670006
6.9970665454
8.15785216914
9.06649287326
10.1247158486
11.1860213592
()
-6.64385618977
-5.64385618977
-4.64385618977
-3.64385618977
-2.55639334852
-1.55639334852
-0.454031630895
0.650764559117
1.66448284036
2.71589337055
3.77082904603
4.98913900737
5.86567141765
6.95431265207
8.01446688327
9.09929520434
10.1595686417
11.1574100993
()
-6.64385618977
-6.64385618977
-4.64385618977
-4.05889368905
-3.05889368905
-2.12029423372
-1.0892673381
-0.0740005814438
0.895302621333
1.92979099772
2.93545974781
3.93451650159
4.97682185236
5.95977015521
6.9494182054
7.9331595038
8.91324846872
9.96457191156
()
-5.64385618977
-4.32192809489
-3.32192809489
-2.251538767
-0.785875194647
0.0565835283664
1.42760617278
2.45680614923
4.16992500144
4.98185265329
7.05300269569
8.51766938813
9.63097692019
10.9703503945
12.7018933851
13.7826276622
15.6284170596
16.3093807821
()
-6.64385618977
-5.64385618977
-4.64385618977
-3.64385618977
-2.55639334852
-1.47393118833
-0.415037499279
0.731183241572
1.97819562968
2.90881290774
3.95419631039
5.14077865578
6.04439411936
7.11405462933
8.19179950107
9.2998719633
10.3436076892
11.2900534159
()
-6.64385618977
-5.64385618977
-4.64385618977
-3.64385618977
-2.64385618977
-1.55639334852
-0.51457317283
0.53605290024
1.71369581484
2.75702324651
4.36317107712
5.20984323053
6.30286736097
7.35676006441
8.52778975157
9.51766938813
10.5863800785
11.6450864643
()
-6.64385618977
-6.64385618977
-5.64385618977
-4.32192809489
-3.47393118833
-2.39592867633
-1.39592867633
-0.395928676331
0.613531652918
1.62760683813
2.98913900737
3.61588707392
4.78868571061
5.62468581053
6.6550655512
7.62548968287
8.64522609946
9.61071113386
()
2.31614574229
2.47248777146
2.92789645373
2.98913900737
3.61470984412
4.99819550315
5.65133876611
6.05354581773
6.17472598771
6.78188423454
7.91019298919
8.88618430605
10.0064102391
11.014927102
12.10498198
13.1283987733
14.151304383
15.1904335305
()
